51.05935950000001,3.7088823,1739535676428
51.0548478,3.7218145000000047,1739536277166
51.0548838,3.7217647,1739536877253
51.0548833,3.7217792000000047,1739537477258
51.0548563,3.7217231000000006,1739538078271
51.0548871,3.721642,1739538678275
51.0548346,3.7216335000000047,1739539279266
51.0548717,3.7215657,1739539880237
51.0548863,3.7216173,1739540480248
51.0548732,3.7216072000000007,1739541080251
51.0548121,3.7214856,1739541681221
51.054887199999996,3.7214975,1739542281229
51.054886499999995,3.7214982,1739542881259
51.0541966,3.7218162,1739543482261
51.0350597,3.7331009,1739544083229
51.053515299999994,3.7418506000000042,1739544683277
51.075953600000005,3.8261764,1739545284251
51.106389799999995,3.9834701,1739545885215
51.11579029999999,4.0128922,1739546485263
