51.058903139890674,3.7086830911392648,100
51.05934950637804,3.708988316027514,100
51.05897323305504,3.7072607468937315,100
51.05847818850172,3.7067364622987804,100
51.0579006795147,3.70772042583546,100
51.05636463728211,3.7085749442106786,100
51.056734029596136,3.7104568706761234,100
51.05606344814588,3.7119551193067983,100
51.05523006306821,3.7126496330679664,100
51.05471212922672,3.7138212464091165,100
51.05386701175048,3.7153158286121117,100
51.05496403973368,3.71656759679995,100
51.05450665544631,3.718138982102831,100
51.055532014232675,3.7198857501261475,100
51.05525908598125,3.720838841234124,100
51.05501502661876,3.7216015281393147,100
51.054685257958425,3.720846222849589,100
51.05412301051278,3.7227532929460545,100
51.05317302307854,3.7244423444822865,100
51.05300240626715,3.7259134603829276,100
51.05188088394358,3.7263124297474124,100
51.05260556967039,3.727784110923788,100
51.0516279781693,3.728474370795851,100
51.05134330162863,3.729196415672591,100
51.04978212904542,3.72952896145612,100
51.049104871782546,3.728553761157497,100
51.048359956480226,3.7300618506081085,100
51.0473922811097,3.729408840924706,100
51.04654073323134,3.729195576586361,100
51.04509724017498,3.728879108751446,100
51.04447129235274,3.729851282267626,100
51.043535405786145,3.7285368874895273,100
51.042641920696674,3.7292390148851404,100
51.04152187129502,3.729295257099056,100
51.041198669732644,3.72940894491761,100
51.03996947660095,3.728707207951507,100
51.03836393807812,3.7284958335173544,100
51.03752840614609,3.72998445834549,100
51.037569347559014,3.7311320635401026,100
51.036665180754035,3.7302174274371214,100
51.03595581770178,3.7317887547148407,100
51.035081535098186,3.731961996458769,100
51.034846073959955,3.732856019172682,100
51.03567080428512,3.7334338678993886,100
51.03715862366126,3.7331124086007894,100
51.03749545209131,3.7343666586655475,100
51.0378672487127,3.734982112617709,100
51.03755336344117,3.7374184003986866,100
51.037779240871785,3.738636524422683,100
51.03826332741022,3.740458407686057,100
51.03878643801045,3.7395205156569133,100
51.039605932439585,3.7387030024767096,100
51.03985964325341,3.7404248213135687,100
51.04121833351773,3.741553323137176,100
51.04181959426183,3.7421667403587584,100
51.043064577162085,3.742192723859076,100
51.043500422104145,3.7432576150691115,100
51.04445004815854,3.742941313537575,100
51.04524826780753,3.7437983984447816,100
51.04542054531963,3.745089781156179,100
51.04645955750233,3.7453104360878298,100
51.04773186911886,3.7473268418675345,100
51.04852666785309,3.744992810370927,100
51.0491280245413,3.7442976719724244,100
51.04990450845565,3.743540480994146,100
51.05124695052423,3.7438047867936115,100
51.05126599158244,3.7426019889510753,100
51.05237133737062,3.7433918622612943,100
51.05287663922542,3.7421984052069837,100
51.054056108236935,3.7422966610789965,100
51.053654945849935,3.7405385442345667,100
51.05477209498813,3.741021883441654,100
51.05553747928851,3.74007747771916,100
51.05869556708966,3.743893967633792,100
51.05827085977576,3.7402528660524768,100
51.05980551177048,3.740224691417911,100
51.061325276512996,3.7407614592424774,100
51.06278298844554,3.740550888445692,100
51.06402408956289,3.740269651262991,100
51.06476203373065,3.7389117579743862,100
51.0654909671382,3.737412127256141,100
51.06571163060618,3.737435742556672,100
51.067126724256866,3.7372127855390906,100
51.06788176831502,3.7369292880817877,100
51.06864855088495,3.735444558272135,100
51.06978500436421,3.7352580196601486,100
51.070840218083404,3.7351299002890177,100
51.071889799268774,3.7356581088815966,100
51.07198416279121,3.7372740593084632,100
51.07324317390717,3.7369413662474344,100
51.07352838586043,3.737993260403555,100
51.07451528922682,3.7383425625998714,100
51.076189281729604,3.7390236087904203,100
51.076627665265036,3.739798405995248,100
51.077234985412666,3.7414059654622194,100
51.07766322039801,3.7429738377440613,100
51.0779615081482,3.7450752348471092,100
51.079157773578785,3.7484800947317405,100
51.080726634661964,3.749689364806138,100
51.07963816751685,3.7564967702966974,100
51.07890415829638,3.756567182452335,100
51.079093819188984,3.758546385438241,100
51.07913237273076,3.759748370671511,100
51.07824696471725,3.7612935885852843,100
51.07733737450527,3.761942923314953,100
51.07653851517528,3.7645973913699655,100
51.07578052643977,3.7653763701661047,100
51.07495143095124,3.7649757927402647,100
51.07415119056126,3.7673289024463723,100
51.07367778271221,3.766878829643705,100
51.072650488753865,3.769050693161561,100
51.072218315050726,3.770616502379072,100
51.07151513276417,3.77119898338269,100
51.071725645556704,3.772027706302178,100
51.07109225210735,3.774529013421753,100
51.07034756158835,3.7757403462615255,100
51.0701361566761,3.7765762762914994,100
51.06936022595082,3.778248224756846,100
51.0686626636569,3.7797871352190597,100
51.06900176413079,3.7815780620323336,100
51.06898397527178,3.7833998931955546,100
51.06797034795295,3.7843306319574075,100
51.06857617525148,3.785617854080518,100
51.06803056395925,3.7861396201650064,100
51.06793016200408,3.7875772879282312,100
51.06748707294419,3.7900770989909067,100
51.06810690575584,3.7909412654979846,100
51.06876751198151,3.7943771888823785,100
51.06915492575342,3.796371237098066,100
51.06922948847391,3.7977268640539634,100
51.06990109359355,3.798297563902647,100
51.070003640659266,3.8002607772697594,100
51.07016413138225,3.8012154834518057,100
51.07050330243018,3.8022120772056045,100
51.07090116921794,3.8035542468632983,100
51.07113186161225,3.8054979302382392,100
51.07266555410193,3.8061597998302847,100
51.07247277295296,3.807406823714193,100
51.072770574429185,3.809144803530972,100
51.07328167307042,3.809811898415286,100
51.07294119908964,3.8114246325571832,100
51.07285888110448,3.812493475149293,100
51.07390706313794,3.814237817492016,100
51.07383803222398,3.8152085820127883,100
51.073823484354776,3.815953313326781,100
51.07358111253476,3.818369390642495,100
51.075069986601186,3.8192346573801936,100
51.07466586504757,3.8209280038593523,100
51.07524205564548,3.822161797897676,100
51.07624611199954,3.823997102169042,100
51.075987698178025,3.8247245343905356,100
51.076096137384674,3.8255879172396536,100
51.076088082332724,3.8271559599469125,100
51.076555516667,3.8275161389307697,100
51.076523791524096,3.829935282026081,100
51.077143120679196,3.8302853946123463,100
51.076773388630066,3.831712456488826,100
51.07759596612333,3.8334748990307896,100
51.077329077935225,3.834349428591692,100
51.07856233169219,3.8354292863897745,100
51.07815212756805,3.8362420936307227,100
51.0786598131717,3.8377055601417847,100
51.078904029125546,3.839239449740115,100
51.07954203164189,3.840978179143516,100
51.07937321697767,3.8430349155663017,100
51.079932864325485,3.8439603572225582,100
51.07976495900175,3.8454310105168896,100
51.0810236964476,3.846652652486559,100
51.081106273187146,3.847288197907603,100
51.0814893652145,3.8482684467767045,100
51.081175095970345,3.8511796708694073,100
51.08209853965545,3.8524958154870705,100
51.0826648638532,3.8544314702270452,100
51.08258173728847,3.855745724764283,100
51.08293569820119,3.8571329038076083,100
51.08333458467876,3.859254591505792,100
51.08385154956917,3.8606407275016923,100
51.084035256606434,3.862850922137934,100
51.08395296966575,3.8645609356589223,100
51.084899173084814,3.8657980011131508,100
51.08515232816123,3.8674377981819053,100
51.08563837354181,3.8687412790667217,100
51.085510847143915,3.8703811211305976,100
51.086454248814775,3.872522981732016,100
51.08628325373293,3.875506010968326,100
51.086395357954444,3.87745099273892,100
51.08699642109742,3.8785449605650757,100
51.08724747767482,3.8801499833773,100
51.087496127123416,3.881167832838389,100
51.087955456596745,3.8824603452666535,100
51.08822934225646,3.8833688960927524,100
51.087797230969876,3.8857488066661943,100
51.088781563448826,3.8873803928151167,100
51.0890745056656,3.889391304219356,100
51.08913609215025,3.890920910157863,100
51.09002811650269,3.8917929153028155,100
51.089850334490194,3.8926576304420593,100
51.08985534801688,3.8948891648680126,100
51.09023221720513,3.897794321951856,100
51.08998807143588,3.8994149513448515,100
51.090806599384194,3.901824551547744,100
51.09136830476752,3.904307155311145,100
51.09151947802763,3.9060719724011195,100
51.09197192329585,3.9075103797927153,100
51.092797612400695,3.9092198769817332,100
51.09248134058471,3.9107113917479692,100
51.092371811534456,3.91180413946619,100
51.09323444465782,3.912984881040067,100
51.09300372103722,3.9143200237784166,100
51.09310315882662,3.9158123193517804,100
51.09361880851736,3.9172400033101304,100
51.09401072389399,3.9174900782829214,100
51.09449599903057,3.9184712681024783,100
51.09418512217743,3.9200211957398063,100
51.09451819999366,3.921602681371432,100
51.094362732746404,3.9237551362487535,100
51.095036036418044,3.924944547008966,100
51.09534466199591,3.9273923526952808,100
51.095690358105216,3.929495400304385,100
51.0957261422762,3.930140177986739,100
51.09612174139931,3.9311728048703545,100
51.09571697510007,3.9325202167362256,100
51.09643284565256,3.9343094666099816,100
51.09671060142494,3.9360451730936,100
51.09711242062836,3.9378878264699875,100
51.097406854306634,3.939460145224762,100
51.097780558737384,3.941196428908477,100
51.09849907183038,3.9437710197826954,100
51.09864484597806,3.944057394811129,100
51.09868916425183,3.9459869433724997,100
51.09848010210614,3.947773536459473,100
51.099272332806954,3.9488599657732304,100
51.09872238537389,3.949945723685554,100
51.09965602642706,3.950879861007312,100
51.09944053658028,3.9527386316240296,100
51.10045837165778,3.9537859587616744,100
51.10027429997794,3.9554330163499336,100
51.10091837361654,3.9567053629435502,100
51.10139007457924,3.9588950424035763,100
51.10119316134831,3.9602176959184674,100
51.10159545548526,3.9614180225848754,100
51.102051944782055,3.962774281122611,100
51.10223402286141,3.9630236233721923,100
51.102000102929345,3.96468835038979,100
51.101915742292796,3.967179430897386,100
51.102141107623915,3.9679273063929306,100
51.10291232775871,3.9680439992288816,100
51.10230108139055,3.9695403027408362,100
51.102598711069874,3.970876074481445,100
51.10314059233805,3.9719544016062884,100
51.1042672857913,3.9738949527218743,100
51.10392055997491,3.975270763257151,100
51.10385587735938,3.9769444747171097,100
51.10366548414321,3.9781775161020785,100
51.10452117374018,3.9784077495823045,100
51.10492814410709,3.978704306221661,100
51.1049767387136,3.9795802924587744,100
51.10542708171752,3.9812168325170934,100
51.10621084897839,3.981689037424853,100
51.10595939113999,3.9834931530364606,100
51.10617358075825,3.9846236572071954,100
51.107727645144514,3.9849655077666712,100
51.10691314674814,3.986159425404137,100
51.108210844634215,3.987003771382245,100
51.107239332862456,3.9885243524774254,100
51.1073166573326,3.989396561625651,100
51.107710398932,3.9879875622007024,100
51.10776021130001,3.9884094270702737,100
51.10820230293268,3.9887399245719024,100
51.107905740731965,3.9898431513726855,100
51.10876960870531,3.990450998309575,100
51.10900572268964,3.9915702990246222,100
51.10962083340363,3.993035551480064,100
51.11081146300013,3.9940034088761105,100
51.111019041605864,3.995166450073247,100
51.111560897987076,3.997361124626346,100
51.11201559284885,3.997282297657871,100
51.11294064645764,3.9990737742296307,100
51.11390042268935,4.000816540600411,100
51.11427186809701,4.001781306669383,100
51.11366186767302,4.0033909881014615,100
51.114345695721234,4.003822973517863,100
51.11366706183592,4.0050698338343285,100
51.114026717697534,4.006190326684815,100
51.11462557376155,4.0068514061403535,100
51.11403208313929,4.009003366864484,100
51.115317630820016,4.008886698307269,100
51.11459151936101,4.01011652793423,100
51.11588136702349,4.01196612132561,100
51.11572430376582,4.013532207253556,100
51.11586166327033,4.0150663415853565,100
51.11543127190772,4.016305851193267,100
51.11538612801438,4.016555602406606,100
51.11498358107907,4.017016070575963,100
51.114968062024126,4.0184206839144085,100
51.1142902683859,4.019145143861695,100
51.11339578010954,4.021478057280413,100
51.114142568708026,4.023147118566947,100
51.11426420358033,4.023696110750597,100
51.11408707904006,4.0245500653351645,100
51.115442112257334,4.025561762091321,100
51.11552071875842,4.025863135226345,100
51.115288797219044,4.0270173250643175,100
51.11556903838811,4.028484721932187,100
