51.058903139890674,3.7086830911392648,1739535676428
51.05525908598125,3.720838841234124,1739536277166
51.05525908598125,3.720838841234124,1739536877253
51.05525908598125,3.720838841234124,1739537477258
51.05525908598125,3.720838841234124,1739538078271
51.05525908598125,3.720838841234124,1739538678275
51.05525908598125,3.720838841234124,1739539279266
51.05525908598125,3.720838841234124,1739539880237
51.05525908598125,3.720838841234124,1739540480248
51.05525908598125,3.720838841234124,1739541080251
51.05525908598125,3.720838841234124,1739541681221
51.05525908598125,3.720838841234124,1739542281229
51.05525908598125,3.720838841234124,1739542881259
51.05501502661876,3.7216015281393147,1739543482261
51.035081535098186,3.731961996458769,1739544083229
51.05287663922542,3.7421984052069837,1739544683277
51.076096137384674,3.8255879172396536,1739545284251
51.10595939113999,3.9834931530364606,1739545885215
51.11588136702349,4.01196612132561,1739546485263
