51.058903139890674,3.7086830911392648,1739535676428
51.05386701175048,3.7153158286121117,1739535977247
51.05525908598125,3.720838841234124,1739536278066
51.05525908598125,3.720838841234124,1739536578249
51.05525908598125,3.720838841234124,1739536878275
51.05525908598125,3.720838841234124,1739537179250
51.05525908598125,3.720838841234124,1739537479256
51.05525908598125,3.720838841234124,1739537779333
51.05525908598125,3.720838841234124,1739538080268
51.05525908598125,3.720838841234124,1739538380269
51.05525908598125,3.720838841234124,1739538681256
51.05525908598125,3.720838841234124,1739538981256
51.05525908598125,3.720838841234124,1739539281266
51.05525908598125,3.720838841234124,1739539582248
51.05525908598125,3.720838841234124,1739539882251
51.05525908598125,3.720838841234124,1739540182263
51.05525908598125,3.720838841234124,1739540483252
51.05525908598125,3.720838841234124,1739540784248
51.05525908598125,3.720838841234124,1739541085240
51.05525908598125,3.720838841234124,1739541386205
51.05525908598125,3.720838841234124,1739541686232
51.05525908598125,3.720838841234124,1739541987227
51.05525908598125,3.720838841234124,1739542287236
51.05525908598125,3.720838841234124,1739542587266
51.05525908598125,3.720838841234124,1739542888219
51.05525908598125,3.720838841234124,1739543188260
51.05412301051278,3.7227532929460545,1739543489259
51.0473922811097,3.729408840924706,1739543789260
51.035081535098186,3.731961996458769,1739544090256
51.043500422104145,3.7432576150691115,1739544391253
51.054056108236935,3.7422966610789965,1739544691262
51.05869556708966,3.743893967633792,1739544996083
51.076523791524096,3.829935282026081,1739545296212
51.09323444465782,3.912984881040067,1739545596219
51.10617358075825,3.9846236572071954,1739545897221
51.10962083340363,3.993035551480064,1739546197268
51.11572430376582,4.013532207253556,1739546498263
