51.05205769321905,3.7056954281425556,1600
51.043962523860465,3.7366105740572566,1600
51.05829622820688,3.743637444478789,1600
51.07819324917454,3.7224786917723005,1600
51.0803695652108,3.7453852430128403,1600
51.060844618603184,3.7655809280791415,1600
51.07194867420071,3.791953293143758,1600
51.07508241580052,3.826675606858716,1600
51.0805482098723,3.8477053101674334,1600
51.084947066575445,3.868428247582704,1600
51.07693164789522,3.890848594814397,1600
51.097314520850816,3.90299123765074,1600
51.09039999150136,3.9283893192515404,1600
51.10217039144674,3.9644687647521883,1600
51.10418327381332,3.97817837283749,1600
51.116871321650514,3.990945224873794,1600
51.124727771600824,3.998308087523393,1600
51.1170013980451,4.030285338157211,1600
