51.05205769321905,3.7056954281425556,1739535676428
51.05205769321905,3.7056954281425556,1739536277166
51.05205769321905,3.7056954281425556,1739536877253
51.05205769321905,3.7056954281425556,1739537477258
51.05205769321905,3.7056954281425556,1739538078271
51.05205769321905,3.7056954281425556,1739538678275
51.05205769321905,3.7056954281425556,1739539279266
51.05205769321905,3.7056954281425556,1739539880237
51.05205769321905,3.7056954281425556,1739540480248
51.05205769321905,3.7056954281425556,1739541080251
51.05205769321905,3.7056954281425556,1739541681221
51.05205769321905,3.7056954281425556,1739542281229
51.05205769321905,3.7056954281425556,1739542881259
51.05205769321905,3.7056954281425556,1739543482261
51.043962523860465,3.7366105740572566,1739544083229
51.043962523860465,3.7366105740572566,1739544683277
51.07508241580052,3.826675606858716,1739545284251
51.10217039144674,3.9644687647521883,1739545885215
51.116871321650514,3.990945224873794,1739546485263
