51.05205769321905,3.7056954281425556,1739535676428
51.05205769321905,3.7056954281425556,1739535977247
51.05205769321905,3.7056954281425556,1739536278066
51.05205769321905,3.7056954281425556,1739536578249
51.05205769321905,3.7056954281425556,1739536878275
51.05205769321905,3.7056954281425556,1739537179250
51.05205769321905,3.7056954281425556,1739537479256
51.05205769321905,3.7056954281425556,1739537779333
51.05205769321905,3.7056954281425556,1739538080268
51.05205769321905,3.7056954281425556,1739538380269
51.05205769321905,3.7056954281425556,1739538681256
51.05205769321905,3.7056954281425556,1739538981256
51.05205769321905,3.7056954281425556,1739539281266
51.05205769321905,3.7056954281425556,1739539582248
51.05205769321905,3.7056954281425556,1739539882251
51.05205769321905,3.7056954281425556,1739540182263
51.05205769321905,3.7056954281425556,1739540483252
51.05205769321905,3.7056954281425556,1739540784248
51.05205769321905,3.7056954281425556,1739541085240
51.05205769321905,3.7056954281425556,1739541386205
51.05205769321905,3.7056954281425556,1739541686232
51.05205769321905,3.7056954281425556,1739541987227
51.05205769321905,3.7056954281425556,1739542287236
51.05205769321905,3.7056954281425556,1739542587266
51.05205769321905,3.7056954281425556,1739542888219
51.05205769321905,3.7056954281425556,1739543188260
51.05205769321905,3.7056954281425556,1739543489259
51.043962523860465,3.7366105740572566,1739543789260
51.043962523860465,3.7366105740572566,1739544090256
51.043962523860465,3.7366105740572566,1739544391253
51.043962523860465,3.7366105740572566,1739544691262
51.05829622820688,3.743637444478789,1739544996083
51.07508241580052,3.826675606858716,1739545296212
51.097314520850816,3.90299123765074,1739545596219
51.10217039144674,3.9644687647521883,1739545897221
51.10418327381332,3.97817837283749,1739546197268
51.124727771600824,3.998308087523393,1739546498263
