51.058446779406026,3.708483886195121,200
51.05578041002159,3.7105424542546586,200
51.054940166068015,3.713169189453352,200
51.05533597121233,3.7142658401720774,200
51.05474535915979,3.71687405115091,200
51.0537747739161,3.7193979941505297,200
51.05598815766673,3.720793927495301,200
51.05406519177777,3.723723975639295,200
51.052967826127656,3.7260352663470844,200
51.05174675839781,3.7281384001053595,200
51.04887302229145,3.7300665535186597,200
51.04803807993506,3.7295201162559675,200
51.04569580977844,3.7291532027441745,200
51.044311519202,3.7308377759690003,200
51.0424930691619,3.728085542514971,200
51.041344553323555,3.728246185772582,200
51.040719910768175,3.7270113244600354,200
51.039563514485614,3.730718715494845,200
51.037042641617155,3.730839824963866,200
51.03532631219165,3.7323108892155004,200
51.0355825574817,3.7319527763042264,200
51.03781964129521,3.73397364933247,200
51.03793245566973,3.737436055579551,200
51.04012710480123,3.739115297499141,200
51.04015745473875,3.74004776564799,200
51.042387535323854,3.739007816540474,200
51.04224080736776,3.7434697861770863,200
51.043507660891805,3.7439636252718773,200
51.04523676555331,3.7456120348408533,200
51.045891680426216,3.7464577217691697,200
51.048545771765234,3.7485637755312,200
51.0470051119169,3.745648553805124,200
51.04866704132611,3.7452782658662,200
51.04971164297977,3.7432125629715896,200
51.052623936193555,3.7432886644940977,200
51.05321095300716,3.740304362124066,200
51.0535820777192,3.739560230819726,200
51.05451151430598,3.7408485806546476,200
51.060338787930846,3.7439089558238106,200
51.0587403572346,3.739251694507971,200
51.06020683547995,3.741416407917095,200
51.062111868264964,3.7394318665655266,200
51.06287685150549,3.7383087953314456,200
51.06482140908491,3.7383726253022336,200
51.067662539755574,3.736211070464958,200
51.06951660360046,3.7347113747462526,200
51.07149359072947,3.733926066634774,200
51.07185402226307,3.7384969461999065,200
51.07368468080398,3.7371992939317797,200
51.07467104779994,3.7412245998061677,200
51.0764181760809,3.7406397540843828,200
51.07756735066069,3.740343452658453,200
51.07812198370906,3.7439642106784703,200
51.08009975291449,3.7494116004258102,200
51.07838109118736,3.7575094316923536,200
51.07946304671234,3.759298863227172,200
51.077690245584,3.7614488302503246,200
51.076431691776136,3.7626197078480588,200
51.076219529606476,3.7641444549634837,200
51.07468188989663,3.76582048535786,200
51.07338881358229,3.7675771001475655,200
51.07344692371082,3.7721947365641104,200
51.07290622336708,3.770743385975368,200
51.07105715042974,3.772997979167443,200
51.07030601710105,3.775469161306588,200
51.070362792460756,3.7799734312789393,200
51.067953785103406,3.7817040489404987,200
51.06886686252795,3.7868680278775777,200
51.06820517819117,3.7899394366405605,200
51.06900921241064,3.7942049714486776,200
51.06902769111401,3.796361155777218,200
51.070150688121316,3.7998450582041645,200
51.070538758184576,3.8021775002025495,200
51.071376030610644,3.806349193586894,200
51.07165562028375,3.8079058080362516,200
51.073284620913874,3.809391048881766,200
51.07400215109318,3.8126492609173392,200
51.07484637463207,3.815718599035997,200
51.07518247341585,3.820002738939955,200
51.07626576564335,3.8230189378950676,200
51.07572193386282,3.825251929499478,200
51.07483226245069,3.82875913927801,200
51.0773757462858,3.8297869280907033,200
51.07753132924032,3.8348408726215855,200
51.078717401555316,3.837164500075147,200
51.079427406827755,3.841011816745635,200
51.07992893616771,3.8441897005781485,200
51.08089629755514,3.8467671181290135,200
51.079837825771826,3.8509657747255224,200
51.082370846655216,3.8515759913562313,200
51.08124147328395,3.854560920494653,200
51.08261967864535,3.856272726409681,200
51.08461356153373,3.858978665385318,200
51.08379652594732,3.8603567815205557,200
51.08457207024848,3.863883980077576,200
51.08491124079665,3.86671137462483,200
51.08515111079719,3.8714263268033933,200
51.08604193800698,3.8758605994411686,200
51.08819656762285,3.8782960930057477,200
51.08874493217628,3.880269017735083,200
51.08759010556731,3.88058033219444,200
51.08800053823731,3.8836041932252634,200
51.08932083996119,3.8852140430303854,200
51.08850002920873,3.8885003908447113,200
51.08949114486544,3.8899670081536546,200
51.08938162056891,3.895095183730206,200
51.09095915059857,3.898184016729258,200
51.091050456006016,3.899687323232269,200
51.09098767429615,3.9044358774061574,200
51.09311275574712,3.90564136988505,200
51.09160717028967,3.9101127094168193,200
51.09299652957511,3.912855104678719,200
51.093113259729364,3.9140493111766697,200
51.094325981847895,3.915328039528245,200
51.09357019305698,3.9207642994964327,200
51.09466462353368,3.9233531366207743,200
51.09586830674267,3.9248771076189533,200
51.09517235290308,3.9284203444492833,200
51.095637129419224,3.930884872813662,200
51.097236624829534,3.933865011337732,200
51.097946945697835,3.937100574273274,200
51.09667169967832,3.93941892191314,200
51.098401647126735,3.941185264520614,200
51.097876224546866,3.94264108062156,200
51.098063524326044,3.9443994851532325,200
51.09762294742779,3.9486284969063927,200
51.09905850813833,3.9480466272337584,200
51.1004250064632,3.953660393889644,200
51.10088234941222,3.957308369049912,200
51.100898378323585,3.9599104280617463,200
51.10201677708531,3.960589884025242,200
51.10199198038441,3.963858928104352,200
51.10192436178339,3.9655610183801335,200
51.1023826039765,3.967447941291393,200
51.10283323853291,3.9699892798572436,200
51.10289302465233,3.973634991350772,200
51.10556919858713,3.974957492925147,200
51.10481894314817,3.977013515504253,200
51.10519454658725,3.9802163585663166,200
51.10694443548454,3.9812644738241305,200
51.10685799781263,3.9842852362815178,200
51.10701376511308,3.986120605603733,200
51.10894421934727,3.989277430277428,200
51.109548259132644,3.990493589853355,200
51.10965296350199,3.991388757025425,200
51.10923222643831,3.9956920402190015,200
51.1122657647303,3.9959400626786445,200
51.11252253169132,3.9991039694125763,200
51.11396751045387,4.000916411624963,200
51.11570951260773,4.0044757104925655,200
51.115013289165894,4.0053220147704245,200
51.11506086989178,4.007004344889699,200
51.11478496610811,4.00975949323926,200
51.11563122175664,4.009841158442273,200
51.11541467927523,4.01445190629709,200
51.114685438872534,4.015929840458801,200
51.11302978558823,4.0187280914741725,200
51.11356942538937,4.0232993593824,200
51.11310666534544,4.025017747147908,200
51.11553175837346,4.026506250300966,200
