51.058446779406026,3.708483886195121,1739535676428
51.05598815766673,3.720793927495301,1739536277166
51.05598815766673,3.720793927495301,1739536877253
51.05598815766673,3.720793927495301,1739537477258
51.05598815766673,3.720793927495301,1739538078271
51.05598815766673,3.720793927495301,1739538678275
51.05598815766673,3.720793927495301,1739539279266
51.05598815766673,3.720793927495301,1739539880237
51.05598815766673,3.720793927495301,1739540480248
51.05598815766673,3.720793927495301,1739541080251
51.05598815766673,3.720793927495301,1739541681221
51.05598815766673,3.720793927495301,1739542281229
51.05598815766673,3.720793927495301,1739542881259
51.0537747739161,3.7193979941505297,1739543482261
51.03532631219165,3.7323108892155004,1739544083229
51.052623936193555,3.7432886644940977,1739544683277
51.07572193386282,3.825251929499478,1739545284251
51.10694443548454,3.9812644738241305,1739545885215
51.11541467927523,4.01445190629709,1739546485263
