51.058446779406026,3.708483886195121,1739535676428
51.054940166068015,3.713169189453352,1739535977247
51.05598815766673,3.720793927495301,1739536278066
51.05598815766673,3.720793927495301,1739536578249
51.05598815766673,3.720793927495301,1739536878275
51.05598815766673,3.720793927495301,1739537179250
51.05598815766673,3.720793927495301,1739537479256
51.05598815766673,3.720793927495301,1739537779333
51.05598815766673,3.720793927495301,1739538080268
51.05598815766673,3.720793927495301,1739538380269
51.05598815766673,3.720793927495301,1739538681256
51.05598815766673,3.720793927495301,1739538981256
51.05598815766673,3.720793927495301,1739539281266
51.05598815766673,3.720793927495301,1739539582248
51.05598815766673,3.720793927495301,1739539882251
51.05598815766673,3.720793927495301,1739540182263
51.05598815766673,3.720793927495301,1739540483252
51.05598815766673,3.720793927495301,1739540784248
51.05598815766673,3.720793927495301,1739541085240
51.05598815766673,3.720793927495301,1739541386205
51.05598815766673,3.720793927495301,1739541686232
51.05598815766673,3.720793927495301,1739541987227
51.05598815766673,3.720793927495301,1739542287236
51.05598815766673,3.720793927495301,1739542587266
51.05598815766673,3.720793927495301,1739542888219
51.05598815766673,3.720793927495301,1739543188260
51.0537747739161,3.7193979941505297,1739543489259
51.04803807993506,3.7295201162559675,1739543789260
51.03532631219165,3.7323108892155004,1739544090256
51.043507660891805,3.7439636252718773,1739544391253
51.052623936193555,3.7432886644940977,1739544691262
51.060338787930846,3.7439089558238106,1739544996083
51.0773757462858,3.8297869280907033,1739545296212
51.09299652957511,3.912855104678719,1739545596219
51.10685799781263,3.9842852362815178,1739545897221
51.10965296350199,3.991388757025425,1739546197268
51.11541467927523,4.01445190629709,1739546498263
