51.05753405731081,3.7080854880560734,1739535676428
51.05753405731081,3.7080854880560734,1739535737274
51.05753405731081,3.7080854880560734,1739535797283
51.05753405731081,3.7080854880560734,1739535858219
51.05753405731081,3.7080854880560734,1739535918260
51.053374410652296,3.714626003633659,1739535979255
51.053374410652296,3.714626003633659,1739536039265
51.05530543212191,3.719437479691684,1739536100257
51.05530543212191,3.719437479691684,1739536161264
51.05530543212191,3.719437479691684,1739536222258
51.05530543212191,3.719437479691684,1739536283253
51.05530543212191,3.719437479691684,1739536344253
51.05530543212191,3.719437479691684,1739536405236
51.05530543212191,3.719437479691684,1739536465256
51.05530543212191,3.719437479691684,1739536525261
51.05530543212191,3.719437479691684,1739536586246
51.05530543212191,3.719437479691684,1739536646257
51.05530543212191,3.719437479691684,1739536707211
51.05530543212191,3.719437479691684,1739536767357
51.05530543212191,3.719437479691684,1739536828256
51.05530543212191,3.719437479691684,1739536889257
51.05530543212191,3.719437479691684,1739536950250
51.05530543212191,3.719437479691684,1739537011242
51.05530543212191,3.719437479691684,1739537071255
51.05530543212191,3.719437479691684,1739537132264
51.05530543212191,3.719437479691684,1739537193226
51.05530543212191,3.719437479691684,1739537253240
51.05530543212191,3.719437479691684,1739537313314
51.05530543212191,3.719437479691684,1739537374265
51.05530543212191,3.719437479691684,1739537435384
51.05530543212191,3.719437479691684,1739537496230
51.05530543212191,3.719437479691684,1739537556274
51.05530543212191,3.719437479691684,1739537617254
51.05530543212191,3.719437479691684,1739537677258
51.05530543212191,3.719437479691684,1739537738254
51.05530543212191,3.719437479691684,1739537798255
51.05530543212191,3.719437479691684,1739537859224
51.05530543212191,3.719437479691684,1739537920258
51.05530543212191,3.719437479691684,1739537980276
51.05530543212191,3.719437479691684,1739538041273
51.05530543212191,3.719437479691684,1739538102395
51.05530543212191,3.719437479691684,1739538163253
51.05530543212191,3.719437479691684,1739538223258
51.05530543212191,3.719437479691684,1739538283258
51.05530543212191,3.719437479691684,1739538344269
51.05530543212191,3.719437479691684,1739538405268
51.05530543212191,3.719437479691684,1739538466257
51.05530543212191,3.719437479691684,1739538526263
51.05530543212191,3.719437479691684,1739538587262
51.05530543212191,3.719437479691684,1739538648220
51.05530543212191,3.719437479691684,1739538708267
51.05530543212191,3.719437479691684,1739538768271
51.05530543212191,3.719437479691684,1739538828273
51.05530543212191,3.719437479691684,1739538889250
51.05530543212191,3.719437479691684,1739538950242
51.05530543212191,3.719437479691684,1739539010256
51.05530543212191,3.719437479691684,1739539070269
51.05530543212191,3.719437479691684,1739539131265
51.05530543212191,3.719437479691684,1739539192270
51.05530543212191,3.719437479691684,1739539253262
51.05530543212191,3.719437479691684,1739539314247
51.05530543212191,3.719437479691684,1739539374253
51.05530543212191,3.719437479691684,1739539435249
51.05530543212191,3.719437479691684,1739539495262
51.05530543212191,3.719437479691684,1739539556257
51.05530543212191,3.719437479691684,1739539617253
51.05530543212191,3.719437479691684,1739539677256
51.05530543212191,3.719437479691684,1739539738355
51.05530543212191,3.719437479691684,1739539799254
51.05530543212191,3.719437479691684,1739539860239
51.05530543212191,3.719437479691684,1739539920249
51.05530543212191,3.719437479691684,1739539981256
51.05530543212191,3.719437479691684,1739540041358
51.05530543212191,3.719437479691684,1739540102241
51.05530543212191,3.719437479691684,1739540162263
51.05530543212191,3.719437479691684,1739540223229
51.05530543212191,3.719437479691684,1739540284245
51.05530543212191,3.719437479691684,1739540345246
51.05530543212191,3.719437479691684,1739540406234
51.05530543212191,3.719437479691684,1739540466252
51.05530543212191,3.719437479691684,1739540527234
51.05530543212191,3.719437479691684,1739540587254
51.05530543212191,3.719437479691684,1739540648252
51.05530543212191,3.719437479691684,1739540709239
51.05530543212191,3.719437479691684,1739540769241
51.05530543212191,3.719437479691684,1739540829245
51.05530543212191,3.719437479691684,1739540889253
51.05530543212191,3.719437479691684,1739540949265
51.05530543212191,3.719437479691684,1739541009344
51.05530543212191,3.719437479691684,1739541070248
51.05530543212191,3.719437479691684,1739541131229
51.05530543212191,3.719437479691684,1739541192237
51.05530543212191,3.719437479691684,1739541253253
51.05530543212191,3.719437479691684,1739541314219
51.05530543212191,3.719437479691684,1739541375226
51.05530543212191,3.719437479691684,1739541436238
51.05530543212191,3.719437479691684,1739541496256
51.05530543212191,3.719437479691684,1739541557216
51.05530543212191,3.719437479691684,1739541617239
51.05530543212191,3.719437479691684,1739541678213
51.05530543212191,3.719437479691684,1739541739221
51.05530543212191,3.719437479691684,1739541799247
51.05530543212191,3.719437479691684,1739541860216
51.05530543212191,3.719437479691684,1739541920220
51.05530543212191,3.719437479691684,1739541980227
51.05530543212191,3.719437479691684,1739542040246
51.05530543212191,3.719437479691684,1739542101266
51.05530543212191,3.719437479691684,1739542162233
51.05530543212191,3.719437479691684,1739542223223
51.05530543212191,3.719437479691684,1739542283239
51.05530543212191,3.719437479691684,1739542344227
51.05530543212191,3.719437479691684,1739542404279
51.05530543212191,3.719437479691684,1739542465253
51.05530543212191,3.719437479691684,1739542526256
51.05530543212191,3.719437479691684,1739542587266
51.05530543212191,3.719437479691684,1739542648252
51.05530543212191,3.719437479691684,1739542708263
51.05530543212191,3.719437479691684,1739542769252
51.05530543212191,3.719437479691684,1739542830210
51.05530543212191,3.719437479691684,1739542890229
51.05530543212191,3.719437479691684,1739542950249
51.05530543212191,3.719437479691684,1739543010261
51.05530543212191,3.719437479691684,1739543070264
51.05530543212191,3.719437479691684,1739543131227
51.05530543212191,3.719437479691684,1739543192246
51.05530543212191,3.719437479691684,1739543252248
51.05530543212191,3.719437479691684,1739543313196
51.05530543212191,3.719437479691684,1739543373252
51.05530543212191,3.719437479691684,1739543433256
51.05530543212191,3.719437479691684,1739543493264
51.055095517648,3.7210255980301823,1739543554265
51.05356751842427,3.7258077019136424,1739543615271
51.04744334457608,3.7293224163061014,1739543676223
51.04744334457608,3.7293224163061014,1739543736257
51.04744334457608,3.7293224163061014,1739543797270
51.0447421107289,3.730415337271898,1739543858230
51.0416073660494,3.7318774663962277,1739543918264
51.0416073660494,3.7318774663962277,1739543979281
51.03822755214124,3.729632435444473,1739544040259
51.03499781636936,3.732305382482203,1739544100263
51.034735537573425,3.7360007860686566,1739544161248
51.03952676018177,3.740072242499932,1739544221252
51.03952676018177,3.740072242499932,1739544281260
51.03952676018177,3.740072242499932,1739544342255
51.04150081785888,3.743488446984444,1739544403239
51.045884597933544,3.748951498904974,1739544463262
51.045884597933544,3.748951498904974,1739544524251
51.04777643143561,3.743292969829384,1739544584257
51.052552099255244,3.741051995276921,1739544644273
51.052552099255244,3.741051995276921,1739544705242
51.052552099255244,3.741051995276921,1739544765271
51.052552099255244,3.741051995276921,1739544826276
51.052552099255244,3.741051995276921,1739544887177
51.052552099255244,3.741051995276921,1739544947235
51.06097988215255,3.7393878693627123,1739545012208
51.07360247239372,3.736601749858104,1739545073202
51.07409012360421,3.7668234420621096,1739545133235
51.06682622883256,3.792976965531307,1739545194209
51.07224270355974,3.812833594068209,1739545254224
51.07732346784862,3.8352640790154493,1739545315216
51.083066714125174,3.8674886386230254,1739545376227
51.08525865367118,3.880757338864296,1739545437211
51.08525865367118,3.880757338864296,1739545497230
51.08991566337166,3.8927193103083297,1739545558219
51.09329389230949,3.9172571691961116,1739545618220
51.10011679951392,3.9448893679940347,1739545679215
51.103394252259726,3.9648495388943847,1739545739230
51.101525278005695,3.9709719841147173,1739545800214
51.10483247565568,3.9797834641833307,1739545860226
51.10715625507708,3.984641906776724,1739545921202
51.10715625507708,3.984641906776724,1739545981330
51.10715625507708,3.984641906776724,1739546041400
51.10715625507708,3.984641906776724,1739546102234
51.10976950627785,3.992084350189401,1739546162238
51.10976950627785,3.992084350189401,1739546222243
51.11157558059434,3.995265821346683,1739546283249
51.11433376681018,4.001313217627898,1739546344214
51.11458681498369,4.006060787225659,1739546404255
51.11458681498369,4.006060787225659,1739546465256
51.11541754723771,4.014211380242409,1739546526250
51.11233714762233,4.01799195189277,1739546587204
51.11503922856099,4.021524046012553,1739546647240
51.11713418908794,4.027639411042969,1739546707256
