51.05753405731081,3.7080854880560734,400
51.053374410652296,3.714626003633659,400
51.05530543212191,3.719437479691684,400
51.055095517648,3.7210255980301823,400
51.05356751842427,3.7258077019136424,400
51.04744334457608,3.7293224163061014,400
51.0447421107289,3.730415337271898,400
51.0416073660494,3.7318774663962277,400
51.03822755214124,3.729632435444473,400
51.03499781636936,3.732305382482203,400
51.034735537573425,3.7360007860686566,400
51.03952676018177,3.740072242499932,400
51.04150081785888,3.743488446984444,400
51.045884597933544,3.748951498904974,400
51.04777643143561,3.743292969829384,400
51.052552099255244,3.741051995276921,400
51.06097988215255,3.7393878693627123,400
51.06504139874326,3.7421799279102506,400
51.06519668167751,3.7389545210229276,400
51.0680819255436,3.7358887954136755,400
51.068983504719036,3.7323971232534907,400
51.07360247239372,3.736601749858104,400
51.07606501333906,3.7408251904636614,400
51.080214697136675,3.744775721727423,400
51.07603382389573,3.755431066388422,400
51.080051128511414,3.7550817307479165,400
51.078874890650454,3.76369404940066,400
51.07409012360421,3.7668234420621096,400
51.071859527350824,3.7730099187795707,400
51.06741896890745,3.7781131748970176,400
51.070177587754344,3.788503893111082,400
51.06682622883256,3.792976965531307,400
51.06910618265536,3.7980427768161533,400
51.07000598805612,3.802793771855921,400
51.07451265967493,3.8088504988568106,400
51.07224270355974,3.812833594068209,400
51.07137295548416,3.8158394747860687,400
51.07280223220735,3.819852914842685,400
51.07878406219364,3.8253542449003626,400
51.077201197693434,3.8277539832398992,400
51.07732346784862,3.8352640790154493,400
51.078984727292635,3.838004350183552,400
51.07774500186844,3.842389313900562,400
51.080209418586435,3.8466556452193235,400
51.0841198671847,3.850531350189564,400
51.08283660642766,3.8554319307146505,400
51.08417735862333,3.8577853580650383,400
51.083066714125174,3.8674886386230254,400
51.085913059471785,3.8703623457825076,400
51.08525865367118,3.880757338864296,400
51.087969151049265,3.885278106595815,400
51.08896024234483,3.8856564116004186,400
51.08991566337166,3.8927193103083297,400
51.0921843689409,3.902388630600288,400
51.09087798076827,3.909498340566594,400
51.0947741784955,3.9119999812219297,400
51.09329389230949,3.9172571691961116,400
51.09494976745472,3.9201856496472223,400
51.09676384600506,3.9242945570437486,400
51.09615097827727,3.9294111106740863,400
51.09732912457123,3.9348380720410843,400
51.10011679951392,3.9448893679940347,400
51.10229700629794,3.9471930146551584,400
51.09897610427978,3.9512945481501522,400
51.10033933464172,3.9560259257543855,400
51.103394252259726,3.9648495388943847,400
51.101525278005695,3.9709719841147173,400
51.10483247565568,3.9797834641833307,400
51.10715625507708,3.984641906776724,400
51.10976950627785,3.992084350189401,400
51.11157558059434,3.995265821346683,400
51.11433376681018,4.001313217627898,400
51.11458681498369,4.006060787225659,400
51.11541754723771,4.014211380242409,400
51.11233714762233,4.01799195189277,400
51.11503922856099,4.021524046012553,400
51.11713418908794,4.027639411042969,400
