51.05753405731081,3.7080854880560734,1739535676428
51.053374410652296,3.714626003633659,1739535977247
51.05530543212191,3.719437479691684,1739536278066
51.05530543212191,3.719437479691684,1739536578249
51.05530543212191,3.719437479691684,1739536878275
51.05530543212191,3.719437479691684,1739537179250
51.05530543212191,3.719437479691684,1739537479256
51.05530543212191,3.719437479691684,1739537779333
51.05530543212191,3.719437479691684,1739538080268
51.05530543212191,3.719437479691684,1739538380269
51.05530543212191,3.719437479691684,1739538681256
51.05530543212191,3.719437479691684,1739538981256
51.05530543212191,3.719437479691684,1739539281266
51.05530543212191,3.719437479691684,1739539582248
51.05530543212191,3.719437479691684,1739539882251
51.05530543212191,3.719437479691684,1739540182263
51.05530543212191,3.719437479691684,1739540483252
51.05530543212191,3.719437479691684,1739540784248
51.05530543212191,3.719437479691684,1739541085240
51.05530543212191,3.719437479691684,1739541386205
51.05530543212191,3.719437479691684,1739541686232
51.05530543212191,3.719437479691684,1739541987227
51.05530543212191,3.719437479691684,1739542287236
51.05530543212191,3.719437479691684,1739542587266
51.05530543212191,3.719437479691684,1739542888219
51.05530543212191,3.719437479691684,1739543188260
51.05530543212191,3.719437479691684,1739543489259
51.04744334457608,3.7293224163061014,1739543789260
51.03499781636936,3.732305382482203,1739544090256
51.04150081785888,3.743488446984444,1739544391253
51.052552099255244,3.741051995276921,1739544691262
51.06097988215255,3.7393878693627123,1739544996083
51.077201197693434,3.8277539832398992,1739545296212
51.09087798076827,3.909498340566594,1739545596219
51.10715625507708,3.984641906776724,1739545897221
51.10976950627785,3.992084350189401,1739546197268
51.11541754723771,4.014211380242409,1739546498263
