51.05753405731081,3.7080854880560734,1739535676428
51.05530543212191,3.719437479691684,1739536277166
51.05530543212191,3.719437479691684,1739536877253
51.05530543212191,3.719437479691684,1739537477258
51.05530543212191,3.719437479691684,1739538078271
51.05530543212191,3.719437479691684,1739538678275
51.05530543212191,3.719437479691684,1739539279266
51.05530543212191,3.719437479691684,1739539880237
51.05530543212191,3.719437479691684,1739540480248
51.05530543212191,3.719437479691684,1739541080251
51.05530543212191,3.719437479691684,1739541681221
51.05530543212191,3.719437479691684,1739542281229
51.05530543212191,3.719437479691684,1739542881259
51.05530543212191,3.719437479691684,1739543482261
51.03499781636936,3.732305382482203,1739544083229
51.052552099255244,3.741051995276921,1739544683277
51.07878406219364,3.8253542449003626,1739545284251
51.10483247565568,3.9797834641833307,1739545885215
51.11541754723771,4.014211380242409,1739546485263
