51.05913131999225,3.708782695080046,50
51.05936120345847,3.7090446080775075,50
51.05970831652985,3.708570773644375,50
51.059682244987115,3.7073890700763474,50
51.059191389743965,3.707544912970915,50
51.05841776877668,3.70707112096973,50
51.05820226496782,3.707805942157784,50
51.05779452463145,3.708095123293425,50
51.057347381536154,3.708315716484571,50
51.05705431462234,3.708870771765415,50
51.056384906027795,3.7094978147732287,50
51.05664041987366,3.710351053081269,50
51.05608892778995,3.7107769938115838,50
51.0559809583665,3.711959630309105,50
51.055412143231734,3.711953869837325,50
51.05538696346078,3.712456862508048,50
51.055348929930744,3.712493254545831,50
51.055093156132585,3.713483255979103,50
51.054526861876184,3.714175979882711,50
51.0546261031429,3.714912530916402,50
51.05425424292922,3.715185942406771,50
51.05479533477018,3.7157491581480357,50
51.054481939132636,3.716452239880995,50
51.05470740070496,3.717133702873794,50
51.05438711492868,3.7177051636478926,50
51.05493413686691,3.717468316723972,50
51.054985728924294,3.7185928335360754,50
51.055243940858325,3.7191872490608273,50
51.055532066725355,3.7199989699037546,50
51.05525897059107,3.720803868021964,50
51.05565149730911,3.722071685904196,50
51.05498525331335,3.721858426272548,50
51.054901160418844,3.7202533758068284,50
51.05442783589118,3.721864158365291,50
51.05426383435094,3.72207552239319,50
51.05371488889472,3.7222264381155186,50
51.053410420231316,3.7226808336534303,50
51.053490903690516,3.7233515176991645,50
51.05397777274382,3.724256840985191,50
51.05355754086567,3.724136237406031,50
51.05336565924267,3.7250403988620673,50
51.05313231794986,3.7254163436872787,50
51.052696038028394,3.725902773163923,50
51.05275400222963,3.726689647058142,50
51.0527849612216,3.7271233343106416,50
51.05241137599985,3.7274134127363907,50
51.05210577491099,3.727477183729416,50
51.051707583108936,3.7286276992250724,50
51.0513006704461,3.7287393788190593,50
51.05078206543447,3.729852307131642,50
51.05034036907822,3.7301782325846884,50
51.04983636811222,3.7296222063451947,50
51.04954627157865,3.7301704402558906,50
51.04933576749396,3.730301897828424,50
51.04888134743834,3.729896446761697,50
51.04872708872654,3.7290834775597808,50
51.048216061105386,3.7292021040931984,50
51.04779497453572,3.7287834327532767,50
51.04755263407262,3.728793437291841,50
51.047115522672485,3.728888838017572,50
51.04670927875157,3.7288624678770574,50
51.04654488577031,3.729336807640636,50
51.04654493487789,3.728363674167118,50
51.046091512224585,3.7288159347677703,50
51.04558240422583,3.7286895458257105,50
51.04536592618253,3.7290779428480394,50
51.044811245605516,3.728705987610783,50
51.0441588202101,3.7292137812112385,50
51.04387616965054,3.728710548756298,50
51.043559954705074,3.729137969289107,50
51.04304102297575,3.72881671225218,50
51.04271559780749,3.729290504252423,50
51.04222748968347,3.729148773265143,50
51.04174953396731,3.7297560142050723,50
51.04122632941104,3.728959054297863,50
51.04089675649595,3.728824427681608,50
51.04065523903923,3.72916091234094,50
51.04045829528057,3.7291800839876497,50
51.04018139612938,3.729471946103552,50
51.040050817850116,3.729066717213692,50
51.03955178348174,3.7287940427840267,50
51.03871386364139,3.7291593573116124,50
51.038483463075735,3.72978668318987,50
51.037954884831876,3.730214436998681,50
51.03748907560088,3.7301375418625238,50
51.037125502667415,3.730731359774164,50
51.03664655904087,3.7309119001444024,50
51.03630020012148,3.731187302742278,50
51.03555237938318,3.731876248843765,50
51.03540243808867,3.7323486757036033,50
51.03468504102483,3.732676830594638,50
51.035025444380565,3.733102629828046,50
51.035788943056495,3.7332669168862194,50
51.03620283298236,3.7331123274563667,50
51.036647593249114,3.733606014847978,50
51.03711556019805,3.7338352200777707,50
51.03734710426923,3.7348353048156864,50
51.037665837686504,3.7358592309427125,50
51.038200969702466,3.736456634427864,50
51.03834863623078,3.7370095242053374,50
51.03786883011175,3.7368240015646794,50
51.0379024597275,3.737591066916849,50
51.03791883846299,3.7379218365686526,50
51.037598732093734,3.7386379317918186,50
51.03800693816659,3.7388715850865113,50
51.03837575862663,3.7398478998833298,50
51.038875764314916,3.739454728021731,50
51.039368466332945,3.7389998065880357,50
51.0394828959316,3.740168255538284,50
51.04015664377326,3.7401798616382846,50
51.04035879484087,3.74123884657167,50
51.04068310769816,3.740687613333891,50
51.041002166781794,3.739908343425302,50
51.041497674440514,3.7400032446440648,50
51.041486727166976,3.741316721164308,50
51.04192248068736,3.7413266102634,50
51.042402479563414,3.7415614885655564,50
51.04239706263261,3.742395385473024,50
51.042597831292156,3.742830515276992,50
51.04321888284669,3.743031811123496,50
51.04389893867104,3.743420755979278,50
51.044161473142736,3.7434701367978365,50
51.04467478822596,3.743736365783967,50
51.04481638223143,3.743976715831421,50
51.044931080782334,3.7443466255570104,50
51.04491058587157,3.745343162690414,50
51.04529450321161,3.7448543674158263,50
51.04563325840578,3.746200631411754,50
51.046049513235594,3.7458248649517842,50
51.046398793966276,3.745427536019731,50
51.04688179816876,3.745361772363307,50
51.04697492049035,3.7461485574463866,50
51.047237265685524,3.7463074946174793,50
51.04765765128086,3.7459357982754415,50
51.04808018458051,3.745550811583337,50
51.048379280452465,3.745478302311635,50
51.049121128691695,3.744786408277931,50
51.04954888696551,3.7441949675043316,50
51.05004508760786,3.7437091252606534,50
51.05064648810652,3.7428953876832263,50
51.051129049603055,3.7427547048548386,50
51.051400740058824,3.742341772990732,50
51.052108732619836,3.7425272318349556,50
51.0525791667833,3.741907065471834,50
51.05294809277416,3.7415541203783866,50
51.05305875596134,3.742323714438492,50
51.053762794502994,3.7420167646514173,50
51.053820632298624,3.741388952223075,50
51.05373042793754,3.7406145244809044,50
51.05437675756465,3.740201367254317,50
51.05480960001269,3.7403314870307645,50
51.0553604693167,3.7401332900507347,50
51.05573234097628,3.7403270966012965,50
51.05546035977036,3.7403417415428586,50
51.05503274619842,3.7412657421123723,50
51.05867846065165,3.742914776054274,50
51.05837249325826,3.7406344309685062,50
51.05950588391647,3.741097866085477,50
51.059657387797955,3.740513364850648,50
51.06069056645471,3.7408026855747667,50
51.06100121418477,3.740202631263158,50
51.06152355652252,3.740690185173385,50
51.06216096439665,3.7405954934038554,50
51.06283596613443,3.7403822775528632,50
51.06315425814594,3.739963139835312,50
51.06362218222373,3.7394555689124536,50
51.064058828851664,3.738853410028481,50
51.06486539894734,3.738450407274472,50
51.06538263783933,3.737498552033037,50
51.06609778395121,3.737053161688003,50
51.066753599260224,3.7374253088889073,50
51.067205720111076,3.7366130729694738,50
51.067891982511135,3.7363703875394836,50
51.06821041871663,3.735462942917883,50
51.06888174909986,3.7352650003585626,50
51.06946034260907,3.7351296325139383,50
51.06996057502483,3.7346535655684017,50
51.070634578662265,3.7351648789994423,50
51.071034434293786,3.7355950986966846,50
51.071587486713696,3.735726649480522,50
51.072048214222214,3.7360561744398026,50
51.07262493717135,3.7364556631112045,50
51.072886673601175,3.737156430481936,50
51.073639475299075,3.737733920157627,50
51.07411192891072,3.738679775577166,50
51.074451879057946,3.738626372394975,50
51.075088710676745,3.7385887672872977,50
51.075557438829236,3.739190035958047,50
51.076022613684316,3.7394681119349675,50
51.07654417847952,3.740127700608675,50
51.077021671666685,3.74062271246971,50
51.07705991589349,3.742076405840915,50
51.07768203233067,3.742791081409313,50
51.07807015327995,3.744043098199439,50
51.078370046059845,3.7449607554374937,50
51.07951985942095,3.747043496567772,50
51.08022146790342,3.7494877806705076,50
51.07903367443623,3.7570776698797284,50
51.079117060507734,3.7591351059243125,50
51.07861223514881,3.759900004526423,50
51.07834625162627,3.7617074454962776,50
51.07757045326582,3.7625401985846247,50
51.07682488875874,3.7630571832589412,50
51.0762876616521,3.7638628708531483,50
51.07601245699418,3.7647147531312393,50
51.075423070245115,3.7649890392291065,50
51.07468645529375,3.7655792984102936,50
51.074376772772204,3.7663728526577205,50
51.07377241016987,3.7665447816098876,50
51.0731449787413,3.7673223757827334,50
51.072829854117046,3.7681037248352123,50
51.07255606366451,3.76810833069962,50
51.07267540080639,3.768730745527623,50
51.072373061034064,3.769442382731941,50
51.072180650078074,3.77050299165316,50
51.07176101586313,3.771543849709569,50
51.07156416821264,3.772518326224575,50
51.07128368166218,3.7736957310745605,50
51.070829629710936,3.7748701452699978,50
51.07022107086703,3.775363123350833,50
51.07021402072095,3.7758755802255854,50
51.069629086125474,3.776693006144016,50
51.069627472961045,3.7779078634856824,50
51.0691884003519,3.778814560454349,50
51.0688996103349,3.780106222441626,50
51.06861217698199,3.7814379151411894,50
51.06856827934964,3.7823737860496442,50
51.068723688316126,3.7838059525560808,50
51.06844282524689,3.7839045548916577,50
51.068401932198455,3.785116778523251,50
51.06811074989348,3.786092333323342,50
51.0683233167135,3.787012249879249,50
51.067793840728086,3.78790404835294,50
51.068170913351324,3.7887814384437135,50
51.06788721723379,3.7900570317268594,50
51.06833933680543,3.790681965305777,50
51.068222949895166,3.79177280307741,50
51.068575637804415,3.7930346413654212,50
51.06880088915948,3.794241678549053,50
51.06876588060129,3.79519449419459,50
51.06906257815632,3.7960386934662824,50
51.069357523341196,3.7969146458148604,50
51.06952431409754,3.797275335213655,50
51.06949630143112,3.798436899885817,50
51.06953852116645,3.799753575996027,50
51.06973555290166,3.7999286973957345,50
51.07016631579936,3.8000272295996185,50
51.069938339475335,3.8010029414291817,50
51.07020690462364,3.8019119333488347,50
51.070499245733465,3.802698772025983,50
51.07112689517982,3.803703391674922,50
51.07130007996339,3.8047164270358307,50
51.07133033754914,3.8054844456273926,50
51.07134803979049,3.8060008470736326,50
51.07183958680887,3.806217216937149,50
51.072120373941246,3.8062979604282123,50
51.07220052004425,3.806881992295554,50
51.07243244162292,3.807823286693604,50
51.07269307627379,3.808252729751049,50
51.07246599506205,3.8092061539386717,50
51.0724326887602,3.8104144201315546,50
51.07318172461269,3.811152631411406,50
51.072697071383836,3.8120031979585494,50
51.07337782385198,3.812565531861266,50
51.07321821618918,3.8138990310792464,50
51.073145126506546,3.8148312212696105,50
51.07335889938872,3.8143869594007294,50
51.07343360490363,3.8148974103377897,50
51.07365315152708,3.815266385842299,50
51.0734580183031,3.8158769952497233,50
51.073877104314995,3.8163359644032746,50
51.07392906035584,3.8171943197783964,50
51.07416916664404,3.8181400866001503,50
51.07469408299052,3.819004066670249,50
51.074643220627834,3.819896411986781,50
51.074765050121265,3.821293746172526,50
51.074901095302366,3.821724837146273,50
51.075383524649304,3.8229832710939506,50
51.07575286304484,3.824304829591267,50
51.07586533511713,3.824869512910373,50
51.07564333232678,3.825894282293326,50
51.07608894885499,3.826144344057411,50
51.07579422889822,3.826755058396008,50
51.07593565768067,3.8275963137414064,50
51.076369236855925,3.8277969498034365,50
51.07623138962623,3.829063597954318,50
51.07691081689036,3.8288665727205404,50
51.07667640806273,3.8296996951306483,50
51.07731698640147,3.8306443605809086,50
51.07743610190086,3.8317791099114142,50
51.077838932853545,3.8326077599444743,50
51.077974436695754,3.8334159585430068,50
51.07833681650831,3.8337578183447083,50
51.07826569171418,3.8343191696816126,50
51.07846058250133,3.8352114777702453,50
51.07846223448603,3.8361576335015726,50
51.07840539016607,3.8377884148814445,50
51.07895608541111,3.8384103974861707,50
51.07907380238391,3.839006184793776,50
51.07892328841328,3.839519849790678,50
51.07956415824293,3.8401262556227045,50
51.07943646147674,3.840336715103159,50
51.079327248434886,3.8411683831381924,50
51.079455669015495,3.8422210046970062,50
51.07971083737584,3.8428411888572733,50
51.08005197031298,3.8435788419469588,50
51.08045944381985,3.8450032843570154,50
51.08021415981118,3.8461766160775257,50
51.08074108509504,3.846670467828234,50
51.08011433846919,3.844676236373863,50
51.080587148446206,3.8474307944213457,50
51.08094714006152,3.848675827996426,50
51.08096345482996,3.849985901341548,50
51.081316271295954,3.850518957289654,50
51.08142001288634,3.851357891169281,50
51.081799331403225,3.8520131247350435,50
51.08205032680405,3.8531833812188503,50
51.08225197726091,3.854599968536898,50
51.08271009366165,3.8548657588669286,50
51.08248393188003,3.855794319090029,50
51.0826941162183,3.8568072972771903,50
51.08269771843314,3.8576375281885884,50
51.08347099529865,3.858072041658859,50
51.08318028052847,3.8589177233866514,50
51.0835600835038,3.8591567957601405,50
51.08355430903667,3.8598942288749956,50
51.08377845907428,3.860439979322622,50
51.083850071521375,3.861834826701909,50
51.084189955795786,3.8630581650362013,50
51.08451571165772,3.8643071502076376,50
51.08451463397201,3.865390475263906,50
51.0847075127017,3.8661172215996666,50
51.08487749337023,3.8668036874370593,50
51.08528069142207,3.867046922061039,50
51.08511199017687,3.8680758779141153,50
51.08509219491477,3.8694630883844514,50
51.08576473247512,3.8701625981274597,50
51.086087384126856,3.870633087315206,50
51.08600193607868,3.871353840725493,50
51.08583461999649,3.8728051191291684,50
51.0859673856951,3.8734472834762057,50
51.086261525473326,3.8742371935750244,50
51.08677291734593,3.8752216842438854,50
51.086563177010184,3.8757912289429846,50
51.08697394858831,3.876216914092686,50
51.08654846315094,3.876494424493633,50
51.086775536442445,3.877218537955776,50
51.086610324540345,3.878562783107692,50
51.08704306758593,3.878904406359247,50
51.0871017734708,3.8796322506533243,50
51.08709654479313,3.8799419787154,50
51.08748427235553,3.88033409890634,50
51.08759574723641,3.881792697188042,50
51.08808483035526,3.8828915183325456,50
51.08758895601264,3.883626506938646,50
51.087866657918894,3.8843750516181728,50
51.08840963899287,3.8851866570659355,50
51.088117675067906,3.8854443236705896,50
51.088396232207316,3.885903439705426,50
51.088589515366394,3.8873080398247115,50
51.088655718527356,3.888351698980819,50
51.08895338788527,3.8890907039144538,50
51.08893011002699,3.8902236820773504,50
51.089579735816805,3.8908006262024686,50
51.08943563613459,3.891747061046847,50
51.08927355429593,3.8931593902775825,50
51.08984192659984,3.8930336509995804,50
51.0896415786361,3.893419612785033,50
51.089677198675716,3.894348982937183,50
51.08973372001468,3.8953256972290524,50
51.09002811113895,3.89627532339144,50
51.09014421434678,3.897171934973382,50
51.090531827010764,3.8980999946705928,50
51.090943440365706,3.8986681300299515,50
51.090395029304084,3.8997256694730655,50
51.09079139081266,3.8998736606560884,50
51.09078735565345,3.900615046695693,50
51.090703793545124,3.901283039691456,50
51.091000213553585,3.9020147167529164,50
51.091304338438206,3.9028518543261708,50
51.09148461196554,3.9036626966667396,50
51.09154580581865,3.904665134831818,50
51.09166988484701,3.9056548288649826,50
51.091786032364794,3.905775752592201,50
51.091696738179664,3.906446919747895,50
51.09195247516524,3.907880834414403,50
51.09207825729846,3.9086973971349788,50
51.09233314901325,3.9092129900356394,50
51.09242776437691,3.909935412148716,50
51.09286280757329,3.911403650833561,50
51.09283479881637,3.9122853854044104,50
51.092819116930436,3.9130774513010724,50
51.093135503042106,3.9138162448227596,50
51.093488929046295,3.914805455256466,50
51.09327186292262,3.9163061110043347,50
51.0933874120482,3.9168482488067258,50
51.09375853955443,3.9177588228608347,50
51.09390562379883,3.9190321021817884,50
51.094422327491195,3.919938256044036,50
51.09436096671408,3.9208822297894774,50
51.09426441086977,3.9219077034299086,50
51.09418809594854,3.922573612054619,50
51.09460801406743,3.9231794566205496,50
51.09466456216314,3.9242113164813177,50
51.095264149360375,3.9251803050450738,50
51.095084772223125,3.925929578333177,50
51.09530929398265,3.9266646525993383,50
51.095901803613195,3.927450572309297,50
51.09544335685783,3.9275202219976375,50
51.09549957593518,3.9276298721216842,50
51.09569860764328,3.9287544550524935,50
51.09558261961591,3.929260407252231,50
51.09584232236939,3.93000666642583,50
51.09604072919521,3.9312314480216646,50
51.09611403407276,3.932484934076554,50
51.096283450943325,3.9328743468766194,50
51.09652680831602,3.933769437912436,50
51.09628056369351,3.934686416931323,50
51.096855641350295,3.9351307788348397,50
51.096877830022095,3.9359784282485206,50
51.09706951221631,3.937307676168324,50
51.09711323019043,3.937926233731764,50
51.097508432286034,3.939285834495257,50
51.09756762605931,3.939830068767851,50
51.09789700311615,3.941007617679441,50
51.097855412871894,3.941715885478924,50
51.097977178315254,3.943052506937671,50
51.09793778519745,3.9440336378949383,50
51.09859497037885,3.944682768724633,50
51.09841020837304,3.9452634491384337,50
51.098614177752935,3.9454393251031896,50
51.098728241691134,3.946204793042391,50
51.09883560099754,3.9473980558205195,50
51.099139661788556,3.9482160234095893,50
51.09933597657986,3.949096188755374,50
51.09971094319012,3.9503996418416847,50
51.09965219965064,3.9511414583330833,50
51.100047966622576,3.951823388362204,50
51.09980651657459,3.95325893034012,50
51.100459281980775,3.9544813696554897,50
51.10026597024102,3.955323478831883,50
51.100430497757614,3.9560920752553788,50
51.100906644580334,3.9564825901336103,50
51.10036285645263,3.9572527007482163,50
51.10096012033309,3.9577001654590434,50
51.10120629588668,3.9583791366966907,50
51.101052489475514,3.9592144419660817,50
51.10099752552914,3.9596176510205368,50
51.10124280123186,3.960338798609317,50
51.101558852383604,3.9615355690435776,50
51.10174194103706,3.962441602196093,50
51.10155690458119,3.9627794257478404,50
51.101824709421685,3.9635995083360878,50
51.102229970571045,3.963981317481066,50
51.10207798916383,3.9646860164441717,50
51.102519221395404,3.96543445960142,50
51.10239072992317,3.9653768839427435,50
51.10226720052489,3.9662298131046385,50
51.10237357955721,3.967210531853631,50
51.10244557228705,3.9679120691080025,50
51.102511052357784,3.9692385086139415,50
51.1031177107513,3.969606854732485,50
51.10267129262616,3.970283952328709,50
51.10290525599625,3.971367330330253,50
51.10322246641208,3.9720637736799613,50
51.103249305745955,3.97250728566491,50
51.10371360262182,3.973112093046654,50
51.1041584843996,3.9735724630474305,50
51.104067738204,3.974377494512209,50
51.1035704175997,3.9745795835652156,50
51.104139482473194,3.9756973237242463,50
51.104305503718315,3.9761620671783056,50
51.104262384435145,3.9768692416293647,50
51.10448449968063,3.977501637464347,50
51.1044851197511,3.97830372477551,50
51.10483789607483,3.97928655892808,50
51.10495826462344,3.9797624989922675,50
51.1050139435629,3.980429281590868,50
51.105257615838205,3.981630597599879,50
51.1056314462456,3.9817375515087945,50
51.10614871841342,3.9822100802116522,50
51.10606832939241,3.9829645192201046,50
51.10628933439462,3.983993270930818,50
51.10667621932764,3.9839899914438086,50
51.106773095481486,3.98469928908559,50
51.10728736472099,3.985288463735065,50
51.10761856257739,3.9858400046143263,50
51.10758433621448,3.986270420288946,50
51.1078807787704,3.987653402144,50
51.10762589102601,3.9869384306073,50
51.107918287705324,3.98842361438132,50
51.10790335407512,3.988949373694845,50
51.10815446674757,3.9893801503313826,50
51.108273576934536,3.989991155559066,50
51.10861853560372,3.990361225266369,50
51.10884252856569,3.9907169291819304,50
51.10951532488124,3.9915213744608007,50
51.10947992115175,3.99162673137751,50
51.10963496330072,3.9923302437174355,50
51.110059106635134,3.9934267210824457,50
51.110234529554894,3.9942963524855353,50
51.11052105068133,3.9949078862875385,50
51.11082320671425,3.9953118611122544,50
51.1113160064318,3.995675588825125,50
51.11182223920866,3.996282723822746,50
51.11207108106574,3.9969238918859604,50
51.11232324706559,3.997749275404416,50
51.11234283289538,3.9985320438125815,50
51.11293760629063,3.998463291792179,50
51.11313714042108,3.9990920477583947,50
51.11348758017188,3.9996413385371983,50
51.11348013272593,4.000944122835198,50
51.113627872403114,4.000781685702785,50
51.1139488219147,4.001372780874323,50
51.114212355381284,4.00180826476807,50
51.114052597361606,4.002423442609344,50
51.114260640203554,4.002972301550925,50
51.114131351071826,4.003609939512005,50
51.1141387789868,4.004165635580585,50
51.11430070145669,4.005039329448413,50
51.114436629463896,4.005420865900465,50
51.11463251996945,4.006203963675501,50
51.114640921689336,4.0069843959085185,50
51.114314767290864,4.007822214811889,50
51.11497980730492,4.008219576656514,50
51.114840422821516,4.009058874323177,50
51.114760663592264,4.010357144720191,50
51.115150345900865,4.010664322900446,50
51.11552891899994,4.011507716701734,50
51.11569752529867,4.011936598308793,50
51.11609305649296,4.012571815017273,50
51.11584433673914,4.013431914866195,50
51.11559579884248,4.013518940932315,50
51.11536122306351,4.014333875634571,50
51.11525167345132,4.014633547994941,50
51.115277428778036,4.014962961949764,50
51.1153498995814,4.016324694816044,50
51.114954581637264,4.0167636830769755,50
51.114518269240115,4.017060102248133,50
51.11486800940314,4.018014577909403,50
51.11450240194936,4.018385803068612,50
51.114058057704945,4.0188049993387285,50
51.113815073617225,4.019435085675092,50
51.114040706910004,4.01991626854976,50
51.113699290453866,4.020820002847738,50
51.11376178098977,4.0215781339403485,50
51.113893648617534,4.022095742329139,50
51.11360386334897,4.022925018790356,50
51.11402854668636,4.023674325122796,50
51.114138163645606,4.024495184409192,50
51.11455665814731,4.024882219951754,50
51.114839866304806,4.025838996610246,50
51.114977231672896,4.0267652743896685,50
51.11504219115505,4.02678563683277,50
51.115262849961844,4.027569733662026,50
51.115372902051604,4.027941998649738,50
51.11574158069785,4.028871992717302,50
