51.05913131999225,3.708782695080046,1739535676428
51.05498525331335,3.721858426272548,1739536277166
51.05498525331335,3.721858426272548,1739536877253
51.05498525331335,3.721858426272548,1739537477258
51.05498525331335,3.721858426272548,1739538078271
51.05498525331335,3.721858426272548,1739538678275
51.05498525331335,3.721858426272548,1739539279266
51.05498525331335,3.721858426272548,1739539880237
51.05498525331335,3.721858426272548,1739540480248
51.05498525331335,3.721858426272548,1739541080251
51.05498525331335,3.721858426272548,1739541681221
51.05498525331335,3.721858426272548,1739542281229
51.05498525331335,3.721858426272548,1739542881259
51.05442783589118,3.721864158365291,1739543482261
51.035025444380565,3.733102629828046,1739544083229
51.053762794502994,3.7420167646514173,1739544683277
51.07564333232678,3.825894282293326,1739545284251
51.10628933439462,3.983993270930818,1739545885215
51.11609305649296,4.012571815017273,1739546485263
