51.05570860861708,3.7072887387710662,1739535676428
51.05570860861708,3.7072887387710662,1739535977247
51.05151208567035,3.7227846449319832,1739536278066
51.05151208567035,3.7227846449319832,1739536578249
51.05151208567035,3.7227846449319832,1739536878275
51.05151208567035,3.7227846449319832,1739537179250
51.05151208567035,3.7227846449319832,1739537479256
51.05151208567035,3.7227846449319832,1739537779333
51.05151208567035,3.7227846449319832,1739538080268
51.05151208567035,3.7227846449319832,1739538380269
51.05151208567035,3.7227846449319832,1739538681256
51.05151208567035,3.7227846449319832,1739538981256
51.05151208567035,3.7227846449319832,1739539281266
51.05151208567035,3.7227846449319832,1739539582248
51.05151208567035,3.7227846449319832,1739539882251
51.05151208567035,3.7227846449319832,1739540182263
51.05151208567035,3.7227846449319832,1739540483252
51.05151208567035,3.7227846449319832,1739540784248
51.05151208567035,3.7227846449319832,1739541085240
51.05151208567035,3.7227846449319832,1739541386205
51.05151208567035,3.7227846449319832,1739541686232
51.05151208567035,3.7227846449319832,1739541987227
51.05151208567035,3.7227846449319832,1739542287236
51.05151208567035,3.7227846449319832,1739542587266
51.05151208567035,3.7227846449319832,1739542888219
51.05151208567035,3.7227846449319832,1739543188260
51.05151208567035,3.7227846449319832,1739543489259
51.05151208567035,3.7227846449319832,1739543789260
51.03709753955965,3.731402092976846,1739544090256
51.043668296476824,3.7445328948018237,1739544391253
51.051531557585825,3.7488252832178004,1739544691262
51.05863140459778,3.7432209632736364,1739544996083
51.08023343979605,3.831075430034513,1739545296212
51.09077393993416,3.9026840033591013,1739545596219
51.107678376834954,3.974259830886628,1739545897221
51.10651387714807,3.9945157348265607,1739546197268
51.115520428111786,4.005623768466211,1739546498263
