51.05570860861708,3.7072887387710662,1739535676428
51.05151208567035,3.7227846449319832,1739536277166
51.05151208567035,3.7227846449319832,1739536877253
51.05151208567035,3.7227846449319832,1739537477258
51.05151208567035,3.7227846449319832,1739538078271
51.05151208567035,3.7227846449319832,1739538678275
51.05151208567035,3.7227846449319832,1739539279266
51.05151208567035,3.7227846449319832,1739539880237
51.05151208567035,3.7227846449319832,1739540480248
51.05151208567035,3.7227846449319832,1739541080251
51.05151208567035,3.7227846449319832,1739541681221
51.05151208567035,3.7227846449319832,1739542281229
51.05151208567035,3.7227846449319832,1739542881259
51.05151208567035,3.7227846449319832,1739543482261
51.03709753955965,3.731402092976846,1739544083229
51.051531557585825,3.7488252832178004,1739544683277
51.074023051301204,3.819287433310473,1739545284251
51.107678376834954,3.974259830886628,1739545885215
51.115520428111786,4.005623768466211,1739546485263
