51.05570860861708,3.7072887387710662,800
51.05151208567035,3.7227846449319832,800
51.0451292637885,3.7288979156573125,800
51.04103814352445,3.7229321631967593,800
51.03709753955965,3.731402092976846,800
51.03471277604899,3.74013354517017,800
51.043668296476824,3.7445328948018237,800
51.051531557585825,3.7488252832178004,800
51.05863140459778,3.7432209632736364,800
51.0650254334259,3.7374936698583006,800
51.066166209585184,3.7364688654189693,800
51.076754589888516,3.7395533485626293,800
51.07769134723495,3.75109950433064,800
51.078842925186336,3.771273462203118,800
51.06993353852516,3.768738033242541,800
51.07109497047778,3.7776011444203146,800
51.07271022913714,3.7804058920382935,800
51.068969183541114,3.7965900720567003,800
51.068937928220535,3.81135388017371,800
51.074023051301204,3.819287433310473,800
51.071389807180516,3.822763381688418,800
51.08023343979605,3.831075430034513,800
51.07879632418178,3.8440998496698775,800
51.08574308892191,3.853035912748926,800
51.07858133558634,3.8616662813791125,800
51.08704641285231,3.8590257332239704,800
51.086001589499546,3.8770790027303867,800
51.08652773634967,3.890694310164489,800
51.09077393993416,3.9026840033591013,800
51.08860585302866,3.9148544057523105,800
51.09787866128606,3.9312376365698296,800
51.094810371098696,3.941522446573939,800
51.099142864613654,3.951469575009933,800
51.09998258157252,3.9610794920086376,800
51.107678376834954,3.974259830886628,800
51.10483949480481,3.9821903831850576,800
51.10350140769914,3.9871787035522464,800
51.10651387714807,3.9945157348265607,800
51.1195578653682,4.001897651349429,800
51.115520428111786,4.005623768466211,800
51.11365882366832,4.020080452754737,800
